50000
80000
9900
10000
20000
25000
35000
30000
150000
90000
60000
80000
10000
10000
30000
20000
50
100000
20000
10000
30000
23000
80000
30000
150000
40000
900000
10000
10000
30000
503240
5036000
30000
90000
110000
70000
70000
80000
50000
50000
50000
50000
300000
10000
130000
5000
10000
50000
15000
10000
10000
30000
50000
300000
100000
35000
10000
80000
10000
10000
10000
70000
50000
15000
10000
20000
20000
8000
100000
10000
20000
5000
100000
400000
30000
11900
20000
15000
190000
15000
20000
50000
8000
30000
25000
1200
7000
50000
10000
40000
1500
500000
100000
2000
5000
12000
10000
50000
5000
50000
3333
5000
100000
20000
5000
20000
50000
400
2300
20000
3000
10000
25000
10000
100000
100000
30000
40000
16000
30000
10000
10000
50000
75000
10000
18000
10000
50000
5000
880
15000
3000
2100
50000
3000
5000
3000
100000
380000
10
95000
100000
28000
30000
400000
5000
15000
10000
150
20000
80000
100000
50000
4000
1000
5000
8000
50000
30000
100000
10000
150000
11111
30000
10000
130000
85000
50000
2000
5000
2000
50000
6000
30000
150000
10000
3000
15000
50000
90000
80000
10000
500000
60000
10000
30000
10000
100000
200000
10000
290000
10000
80000
100000
10000
30000
50000
30000
700000

280000
40000
5000
20000
30000
10000
30000
700
50000
50000
35000
20000
5000
250000
15000
120000
310000
1
10000
20000
350000
28000
250000
30000
1000
150000
55000
80000
10000
200000
60000
450000
70000
25000
10000
10000
3000
50000
30000
50000
10000
7500
50000
5000
50000
10000
136000
400000
70000
3000
10000
250000
10000
15000
100000
200000
30000
60000
450000
80000
10000
6000
50000
75000
100000
100000
5000
40000
40000
200000
3000
100000
40000
100000
80000
60000
5000
10000
150000
30000
50000
250000
10000
199000
30000
20000
50000
10000
75000
170000
80000
100000
10000
580000
13000
10000
160000
8000
500000
50000
50000
20000
85000
20000
100000
30000
5000
40000
25000
15000
100000
85000
50000
40000
20000
20000
35000
20000
150000
90000
20000
8000
50000
40000
80000
150000
600000
450000
20000
450000
160000
1000
30000
10000
450000
10000
20000
25000
20000
500000
6000
10000
190000
200000
50000
10000
10000
20000
120000
40000
180000
80000
20000
20000
28000
9000
60000
180000
8000
12000
50000
6800
30000
100000
20000
100000
10000
9000
38000
4000
80000
25000
10000
30000
1000
10000
100000
10000
7000
10000
10000
180000
95000
200000
25000
39000
25000
13000
235000
28000
200000
25000
150000
12000
10000
10000
70000
1000
15000
50000
13000
10000
100000
30000
35000
8000
20000
100000
100000
12000
15000
20000
100000
20000
200000
130000
10000
35000
5000
30000
230000
135
5000
900000
15000
100000
50000
15000
350000
33000
30000
40000
300000
50000
10000
300000
10
12000
7500
300000
35000
10000
5000
13000
10000
5000
300000
600
150000
100000
10000
700000
15000
40000

1
50000
6000
5000
30000
100000
5000
150000
40000
10000
123
10
50000
30000
10000
100000
100000
950
140000
30000
50000
15000
35000
10000
23230
4000
300000
300000
10000
1000
100000
35000
50000
100000
10000
7000
30000
5000
10000
100000
10000
350
190000
80000
10000
35000
5000
150000
10000
160000
630000
55000
38000
20000

40000
100000
100000
350000
123
50000
80000
10000
5000
5000
300000
30000
30000
70000
7000
120000
70000
15000
2000
50000
123456
5000
20000
150000
100000
10000
10000
25000
15000
14000
1000
100000
30000
30000
215000
650000
10000
90000
200000
10000
900
1000
50000
80000
50000
10000
10000
30000
50000
20000
300000
10000
10000
110000
20000
8000
5000
140
45000
10000
30000
30000
500000
10000
20000
100000
60000
450000
400000
100000
1000
20000
100000
30000
50000
15000
35000
40000
20000
150000
70000
100000
100000
49000
10000
200000
15000
40000
10000
215000
200000
2000
30000
65000
20000
30000
100
190000
250000
150000
25000
20000
100000
10000
10000

8000
50000
60000
60000
5000
10000
5900
5000
140000
25000
120
20000
20000
25000
15000
50000
5000
100000
5000
10000
10000
10000
20000
10000
40000
130000
100000
5000
100000
100000
60000
30000
30000
20000
30000
150000
30000
1000
500
55000
5000
60000
12345
10000
50000
5000
200000
140000
50000
50000
1
10000
5000
1111
20000

100000
10000
50000
12000
23000
5000
50000
20000
11111
55000
1000
50000
15000
30000
30000
100000
30000
10000
1
15000
10000
10000
1000
40000
123
10000
5000
1000
30000
550000
35000
50000
5000

80000
190000
50000
120000
100000
10000
8000
43543
25000
100000
400000
400000
100000
80000
20000
20000
40000
50000
2000
10000
165000
80000
255000
50000
10000
100000
100000
30000
28000
3000
20000
22000
111111111
40000
50000
100
5000
10000
30000
200000
2500
80000
99
105
80000
65000
120000
1000
50000
10000
100000
100000
200000
5000
400000
20000
10000
50000
10000
20000
55000
60000
30000
10000
50000
50000
50000
50000
200000
20000
80000
105
50000
100000
10000
50000
15000
10000
18000
50000
10000
10000
140000
5000
30000
1
15000
10000
70000
300
200000
123
5000
40000
200000
30000
200000
7000
1300
1000
60000
20000
65000
10000
100000
50000
400000
200000
40000
80000
10000
50000
30000
200000
20000
50000
20000
30000
10000
70000
40000
40000
