650000
5000
70000
18000
85000
10000
30000
130000
99
20000
50000
150000
100000
30000
30000
5000
85000
11111
80000

50000
80000
323000
3000
8000
15000
10000
240000
80000
30000
2000
43000
50000
80000
15000
1000
950000
15000
10000
70000

150000
160000
44000
220000
20000
1
150000
90000
60000
20000
100000
342000
99000
750000
10000
150000
150000
5000
34000
12345
10000
55000
8000
200000
280000
10000
650000
20000
10000
900000
100000
10000
20000
5000
10000
100000
5000
100000
80000
60000
300000
8000
180000
200000
30000
100000
5000
8000
5000
10000
10000
50000
5000
380000
180000
80000
20000
50000
20000
10000
2000
50000
50000
85000
20000
100000
30000
30000
37000
2000
8000
7000
10000
10000
50000
30000
7000
110000
5000
2500
10000
35000
10000
50000
123456
20000
180000
15000
90000
10000
20000
100000
10000
50000
8000
9000
3000
25000

600000
30000
25000
999999
5000
20000
50000
750000
5000
200000
5000
100000
20000
130000
10000
3000
250000
25000
150000
5000
250000
50000
50000
300000
90000
15000
5000
9000
80000
28000
10000
169000
25000
10000
75000
120000
10000
5000
10000
30000
110000
60000
250000
70000
40000
15000
50000
25000
500
250000
10000
10000
50000
10000
999999
11111
6000
1000
500
15000
10000
60000

100000
30000
120000
50000
8500
830000
100
30000
30000
3000
70000
5000
50000
28000
150000
150000
300000
10000
20000
3000
10000
400000
10000
10000
400000
8500
44000
20000
15000
552000
35000
360000
10000
100
1
80000
5000
100000
100000
6000
50000
20000
60000
30000
50000
5000
40000
56000
5000
110000
25000
5000
20000
50000
70000
40000
79000
15000
2000
350000
30000
120000
5000
20000
10000
10000
60000
50000
80000
33000
250000
45000
10000
50000
100000
250000
10000
16000
40000
90000
100000
500000
10000
100000
450000
1
15000
45000
30000
3300
100000
25000
90000
10000
5000
100000
70000
50000
120000
150000
200000
30000
10000
85000
5000
20000
10000
150000
50000
10000
1000
30000
100000
200000
20000
430000
390000
550000
100000
20000
180000
300000
120000
860000
200000
65000
10000
50000
30000
30000
1
60000
80000
30000
45000
120
100000
10000
20000
70000
4500
50000
13000
150000
5000
500
15000
50000
85000
130000
10000
10000
20000
180000
200000
2000
160000
10000
10000
10000
230000
5000
200000
20000
10000
760000
50000
88000
10000
10000
50000
25000
40000
1000
20000
6000
100000
20000
20000
200000
45000
400000
10000
685000
20000
70000
70000
30000
70000
10000
10000
120000
4000
600
10000
55000
169000
48000
70000
1000
10000
350000
20000
2000
10000
30000
5000
210000
100000
1004
20000
20000
5000
20000
20000
75000
10000
10000
30000
12111
35000
10
190000
35000
85000
123
30000
1500
3000
100000
10000
40000
400000
90000
10000
89000
1
33000
120000
10000
2000
30000
200000
300000
18000
190000
99000
13000
90000
39000
17000
30000
100000
50000
30000
50000
30000
150000
90000
10000
13000
30000
50000
20000
130000
8000
15000
10000
5000
5900
35000
30000
7000
10000
2000
250000
30000
40000
140000
120000
20000
5000
34000
100000
90000
40000
30000
25000
15000
150000
20000
30000
30000
48000
20000
160000

150000
750000
8000
50000
65000
4000
3400
420000
200000
650000
350000
40000
10000
8000
200000
50000
5000
430000

30000
5000
60000
10000
160000
1
10000
4000
500000
10000
10000
50000
100
10000
100000
50000
350000
440000
50000
10000
64000
250000
200000
120000
1000
5000
10000
70000
10000
100000
30000
8000
30000
57000
35000
3000
50000
50000
10000
10000
149000
10000
10000
60000
1000
30000
90000
500
500
40000
10000
5000
1004
10000
13000
200000
15000
200000
100000
15000
1004
10000
5000
225000
150000
10000
80000
50
220000
10000
45000
40000
30000
111111
5000
30000
5000
100000
40000
35000
5000
30000
3000
50000
10000
30000
250000
20000
35000
100
100
20000
10000
44444
30000
50000
1004
10000
405000
20000
30
900
60000
10000
30000
100000
20000
50000
60000
150000
5000
100000
10000
50000
100000
30000
10000
5000
50000
6000
20000
1600
32000
20000
20000
10000
140000

250000
15000
30000

15000

450000
80000
5000
80000
150000
50000
20000
207
30000
80000
5000
90000
70000
20000
200000
28000
155000
600000
10000
8000
10000
5000
80000
60000
90000
60000
50000
1004
350000
150000
20000
20000
1000
15000
35000
2000
70000
47000
50000
50000
390000
10000
150000
1000
50000
10000
150000
160000
10000
80000
100000
160000
100000
10000
10000
65000
123456
160
15000
5000
150000
26000
110000
50000
10000
45000
85000
10000
20000
100000
1
200000
400000
100
200000
25000
80000
15000
3500
2000
10000
10000
50000
5000
100000
70000
10000
30000
10000
100000
30000
29000
35000
10000
26000
140000
25000
235
4000
100000
100000
60000
60000
40000
50000
500000
15000
10000
200000
5000
8000
19000
110000
60000
20000
2000
8000
25000
60000
63000
30000
1000
5000
210000
80000
1000
20000
170000
80000
45000
30000
50000
10000
20000
10000
9999
150000
250000
100000
10000
100000
100000
50000
1000

480000
35000
120000
49000
10000
20000
18500
200000
10000
80000
150000
50000
80000
5000
100000
10000
10000
10000
10000
5000
100000
5000
4000
50000
50000
50000
90000
30000
110000
10000
